3.333333E-4 9.0
0.0015555555 8.0
0.0037777778 7.0
0.008333334 6.0
0.014666666 5.0
0.02688889 3.75
0.028666666 3.5
0.036111113 3.25
0.038444445 3.0
0.039444447 2.75
0.046777774 2.5
0.051222224 2.25
0.054333333 2.0
0.056444447 1.75
0.065000005 1.5
0.07077778 1.25
0.07466667 1.0
0.08366666 0.75
0.086111106 0.5
0.089666665 0.25
0.09455556 0.0
0.10044444 -0.25
0.113666676 -0.5
0.12133333 -0.75
0.122333325 -1.0
0.12944444 -1.25
0.13622223 -1.5
0.14266668 -1.75
0.15333334 -2.0
0.16077776 -2.25
0.16155557 -2.5
0.17400001 -2.75
0.17 -3.0
0.1901111 -3.25
0.18722223 -3.5
0.19577777 -3.75
0.20144445 -4.0
0.21277778 -4.25
0.21033335 -4.5
0.22122222 -4.75
0.23188889 -5.0
0.24466665 -5.25
0.2441111 -5.5
0.2491111 -5.75
0.26 -6.0
0.26044443 -6.25
0.26777777 -6.5
0.272 -6.75
0.2851111 -7.0
0.28255555 -7.25
0.28344443 -7.5
0.299 -7.75
0.29566666 -8.0
0.31366667 -8.25
0.311 -8.5
0.31611112 -8.75
0.33766666 -10.0
0.35055557 -11.0
0.36600003 -12.0
0.3857778 -13.0
0.39333332 -14.0
0.408 -15.0
0.4162222 -16.0
0.42488888 -17.0
0.43922222 -18.0
0.43888888 -19.0
0.4467778 -20.0
0.45733333 -21.0
0.46044445 -22.0
0.4598889 -23.0
0.46833333 -24.0
0.46188888 -25.0
0.47066665 -26.0
0.4818889 -27.0
0.47822222 -28.0
0.4792222 -29.0
0.47544444 -30.0
0.4876667 -31.0
0.48244444 -32.0
0.47866666 -33.0
0.48555553 -34.0
0.48955557 -35.0
0.48588887 -36.0
0.4997778 -37.0
0.48266664 -38.0
0.49433336 -39.0
0.492 -40.0
