0.0 9.0
1.1111111E-4 8.0
7.7777775E-4 7.0
0.002 6.0
0.005888889 5.0
0.013888889 3.75
0.015666667 3.5
0.017555555 3.25
0.022 3.0
0.027111111 2.75
0.028111113 2.5
0.03177778 2.25
0.040555555 2.0
0.044111114 1.75
0.047777776 1.5
0.05022222 1.25
0.056555554 1.0
0.06255555 0.75
0.060666665 0.5
0.074777775 0.25
0.078555554 0.0
0.08688889 -0.25
0.08955556 -0.5
0.10333333 -0.75
0.10677778 -1.0
0.111555554 -1.25
0.116444446 -1.5
0.12122223 -1.75
0.12722223 -2.0
0.13599999 -2.25
0.144 -2.5
0.15044445 -2.75
0.16111112 -3.0
0.16899998 -3.25
0.16288888 -3.5
0.17799999 -3.75
0.18833333 -4.0
0.19 -4.25
0.20344444 -4.5
0.20788889 -4.75
0.21611111 -5.0
0.21633333 -5.25
0.22944444 -5.5
0.2301111 -5.75
0.24044444 -6.0
0.24355555 -6.25
0.25655556 -6.5
0.26 -6.75
0.26677775 -7.0
0.2658889 -7.25
0.27855554 -7.5
0.28166667 -7.75
0.28966668 -8.0
0.291 -8.25
0.29077777 -8.5
0.30144444 -8.75
0.32288888 -10.0
0.34233332 -11.0
0.35999998 -12.0
0.37677777 -13.0
0.393 -14.0
0.40177777 -15.0
0.41633332 -16.0
0.41988888 -17.0
0.4377778 -18.0
0.44122222 -19.0
0.43444443 -20.0
0.44700003 -21.0
0.45299998 -22.0
0.45833334 -23.0
0.4613333 -24.0
0.464 -25.0
0.4696667 -26.0
0.47577778 -27.0
0.48066664 -28.0
0.49111113 -29.0
0.482 -30.0
0.47888887 -31.0
0.48333332 -32.0
0.48011112 -33.0
0.49022222 -34.0
0.48866668 -35.0
0.49388888 -36.0
0.4946667 -37.0
0.49711117 -38.0
0.49644446 -39.0
0.48555556 -40.0
