0.49155557 9.0
0.5011111 8.0
0.51299995 7.0
0.5028889 6.0
0.49666664 5.0
0.4897778 3.75
0.49966666 3.5
0.494 3.25
0.5112222 3.0
0.49944445 2.75
0.5148889 2.5
0.489 2.25
0.49711108 2.0
0.49888888 1.75
0.5088889 1.5
0.506 1.25
0.50644445 1.0
0.49377775 0.75
0.49755558 0.5
0.49177778 0.25
0.5101111 0.0
0.50511116 -0.25
0.50666666 -0.5
0.5016667 -0.75
0.498 -1.0
0.51277775 -1.25
0.49066666 -1.5
0.5031111 -1.75
0.5083333 -2.0
0.50266665 -2.25
0.49744442 -2.5
0.50177777 -2.75
0.50677776 -3.0
0.51233333 -3.25
0.50177777 -3.5
0.49655557 -3.75
0.49044445 -4.0
0.5003333 -4.25
0.4948889 -4.5
0.49222222 -4.75
0.5063333 -5.0
0.49888888 -5.25
0.50533336 -5.5
0.50344443 -5.75
0.5094444 -6.0
0.50388885 -6.25
0.49566665 -6.5
0.5006667 -6.75
0.5005556 -7.0
0.50677776 -7.25
0.4952222 -7.5
0.51511115 -7.75
0.5041111 -8.0
0.5007778 -8.25
0.49855557 -8.5
0.5005556 -8.75
0.5056667 -10.0
0.5062222 -11.0
0.4941111 -12.0
0.50744444 -13.0
0.49588886 -14.0
0.4918889 -15.0
0.5098889 -16.0
0.49866667 -17.0
0.49422225 -18.0
0.4942222 -19.0
0.51177776 -20.0
0.49711108 -21.0
0.5101111 -22.0
0.50688887 -23.0
0.50255555 -24.0
0.50500005 -25.0
0.50277776 -26.0
0.49800003 -27.0
0.50177777 -28.0
0.5004445 -29.0
0.49377775 -30.0
0.49544445 -31.0
0.49333334 -32.0
0.50222224 -33.0
0.5043333 -34.0
0.4927778 -35.0
0.5006667 -36.0
0.50544447 -37.0
0.5036667 -38.0
0.50144446 -39.0
0.49555555 -40.0
